0,Anger,4,0,2,0,0,0,0,0
1,Bash,8,2,12,0,2,0,0,0
2,PerfectedStrike,2,2,10,0,2,0,0,0
3,Strike_R,3,1,5,1,0,0,0,0
4,Thunderclap,7,1,6,0,0,0,0,0
5,TwinStrike,6,1,5,2,0,0,0,0
6,Sentinel,12,1,0,7,0,0,0,0
7,WildStrike,6,1,4,0,3,0,0,0
8,Rage,2,0,2,1,0,0,0,0
9,LimitBreak,0,1,2,6,0,0,0,0
10,Rampage,0,1,7,0,1,0,0,0
11,Dropkick,5,1,6,6,0,0,0,0
12,BallLightning,7,1,8,0,2,0,0,0
13,RipandTear,5,1,3,0,0,0,1,0
14,SteamBarrier,8,0,0,4,4,0,0,0
15,Zap,7,1,6,0,0,0,0,0
16,Strike_B,3,1,5,2,0,0,0,0
17,Defend_B,11,1,0,8,0,0,0,6
18,FTL,5,0,3,0,3,0,0,0
19,Glacier,5,2,0,6,0,0,2,0
20,Sunder,7,3,16,0,0,0,0,0
21,ColdSnap,3,1,2,0,0,0,1,0
22,Chill,11,0,0,5,0,0,0,6
23,ColdSnap,8,1,3,0,0,0,5,0
24,BullsEye,2,1,0,0,6,0,1,0
25,Adrenaline,11,0,0,2,0,0,0,6
